batch_num,num_of_exec,difference
16,1,1
32,26,25
48,35,9
64,52,17
80,53,1
96,78,25
112,87,9
128,116,29
144,127,11
160,144,17
176,153,9
192,168,15
208,169,1
224,170,1
240,179,9
256,180,1
272,181,1
288,190,9
304,191,1
320,192,1
336,201,9
352,218,17
368,233,15
384,234,1
400,235,1
416,236,1
432,237,1
448,256,19
464,267,11
480,268,1
496,281,13
512,282,1
528,283,1
544,284,1
560,285,1
576,286,1
592,295,9
608,304,9
624,305,1
640,306,1
656,307,1
672,316,9
688,317,1
704,318,1
720,329,11
736,330,1
752,331,1
768,340,9
784,341,1
800,350,9
816,351,1
832,366,15
848,367,1
864,376,9
880,385,9
896,404,19
912,429,25
928,442,13
944,443,1
960,458,15
976,459,1
992,460,1
1008,461,1
1024,462,1
1040,471,9
1056,484,13
1072,485,1
1088,494,9
1104,505,11
1120,514,9
1136,515,1
1152,516,1
1168,517,1
1184,518,1
1200,529,11
1216,530,1
1232,531,1
1248,540,9
1264,555,15
1280,576,21
1296,591,15
1312,600,9
1328,611,11
1344,622,11
1360,623,1
1376,634,11
1392,635,1
1408,644,9
1424,659,15
1440,668,9
1456,681,13
1472,682,1
1488,697,15
1504,706,9
1520,721,15
1536,722,1
1552,723,1
1568,738,15
1584,739,1
1600,740,1
1616,741,1
1632,742,1
1648,751,9
1664,766,15
1680,775,9
1696,798,23
1712,819,21
1728,834,15
1744,863,29
1760,890,27
1776,905,15
1792,916,11
1808,945,29
1824,946,1
1840,961,15
1856,984,23
1872,985,1
1888,1000,15
1904,1013,13
1920,1014,1
1936,1015,1
1952,1024,9
1968,1037,13
1984,1046,9
2000,1065,19
2016,1084,19
2032,1093,9
2048,1094,1
2064,1111,17
2080,1128,17
2096,1141,13
2112,1156,15
2128,1157,1
2144,1168,11
2160,1169,1
2176,1170,1
2192,1171,1
2208,1180,9
2224,1193,13
2240,1194,1
2256,1203,9
2272,1204,1
