batch_num,num_of_exec,difference
16,1,1
32,2,1
48,3,1
64,22,19
80,23,1
96,32,9
112,33,1
128,44,11
144,53,9
160,62,9
176,63,1
192,64,1
208,65,1
224,66,1
240,67,1
256,68,1
272,79,11
288,88,9
304,107,19
320,132,25
336,159,27
352,180,21
368,197,17
384,212,15
400,221,9
416,236,15
432,251,15
448,266,15
464,275,9
480,276,1
496,285,9
512,294,9
528,309,15
544,330,21
560,349,19
576,358,9
592,367,9
608,368,1
624,369,1
640,378,9
656,379,1
672,380,1
688,381,1
704,390,9
720,391,1
736,392,1
752,401,9
768,402,1
784,411,9
800,420,9
816,421,1
832,422,1
848,423,1
864,424,1
880,433,9
896,434,1
912,443,9
928,458,15
944,459,1
960,474,15
976,475,1
992,484,9
1008,507,23
1024,520,13
1040,541,21
1056,542,1
1072,557,15
1088,566,9
1104,575,9
1120,576,1
1136,577,1
1152,578,1
1168,579,1
1184,598,19
1200,607,9
1216,608,1
1232,617,9
1248,618,1
1264,627,9
1280,628,1
1296,639,11
1312,656,17
1328,657,1
1344,666,9
1360,667,1
1376,676,9
1392,685,9
1408,686,1
1424,687,1
1440,696,9
1456,705,9
1472,714,9
1488,723,9
1504,732,9
1520,733,1
1536,734,1
1552,735,1
1568,736,1
1584,737,1
1600,738,1
1616,739,1
1632,740,1
1648,755,15
1664,770,15
1680,771,1
1696,780,9
1712,781,1
1728,790,9
1744,791,1
1760,800,9
1776,809,9
1792,820,11
1808,821,1
1824,822,1
1840,823,1
1856,832,9
1872,833,1
1888,842,9
1904,851,9
1920,852,1
1936,861,9
1952,870,9
1968,871,1
1984,872,1
2000,885,13
2016,894,9
2032,895,1
2048,896,1
2064,897,1
2080,898,1
2096,909,11
2112,910,1
2128,931,21
2144,950,19
2160,965,15
2176,980,15
2192,989,9
2208,1006,17
2224,1015,9
2240,1016,1
2256,1025,9
2272,1034,9
2288,1035,1
2304,1044,9
2320,1045,1
2336,1046,1
2352,1055,9
2368,1056,1
2384,1057,1
2400,1066,9
2416,1067,1
2432,1076,9
2448,1077,1
2464,1078,1
2480,1087,9
2496,1096,9
2512,1105,9
2528,1114,9
2544,1115,1
2560,1116,1
2576,1117,1
2592,1136,19
2608,1137,1
