batch_num,num_of_exec,difference
16,1,1
32,10,9
48,11,1
64,20,9
80,21,1
96,30,9
112,39,9
128,40,1
144,41,1
160,42,1
176,51,9
192,52,1
208,53,1
224,62,9
240,63,1
256,72,9
272,73,1
288,82,9
304,83,1
320,92,9
336,105,13
352,106,1
368,107,1
384,108,1
400,117,9
416,126,9
432,135,9
448,136,1
464,145,9
480,146,1
496,147,1
512,148,1
528,149,1
544,150,1
560,151,1
576,152,1
592,161,9
608,170,9
624,171,1
640,172,1
656,173,1
672,174,1
688,175,1
704,176,1
720,177,1
736,178,1
752,179,1
768,180,1
784,181,1
800,190,9
816,191,1
832,206,15
848,207,1
864,216,9
880,225,9
896,234,9
912,235,1
928,236,1
944,237,1
960,238,1
976,253,15
992,254,1
1008,255,1
1024,270,15
1040,271,1
1056,280,9
1072,281,1
1088,290,9
1104,291,1
1120,300,9
1136,301,1
1152,302,1
1168,303,1
1184,304,1
1200,305,1
1216,306,1
1232,315,9
1248,316,1
1264,317,1
1280,332,15
1296,341,9
1312,342,1
1328,361,19
1344,362,1
1360,377,15
1376,392,15
1392,407,15
1408,408,1
1424,417,9
1440,418,1
1456,427,9
1472,428,1
1488,437,9
1504,438,1
1520,439,1
1536,448,9
1552,457,9
1568,458,1
1584,467,9
1600,482,15
1616,483,1
1632,484,1
1648,485,1
1664,486,1
1680,495,9
1696,496,1
1712,497,1
1728,498,1
1744,511,13
1760,512,1
1776,513,1
1792,514,1
1808,515,1
1824,524,9
1840,533,9
1856,548,15
1872,549,1
1888,558,9
1904,559,1
1920,560,1
1936,579,19
1952,580,1
1968,581,1
1984,582,1
2000,583,1
2016,584,1
2032,593,9
2048,602,9
2064,611,9
2080,620,9
2096,621,1
2112,622,1
2128,631,9
2144,632,1
2160,633,1
2176,634,1
2192,635,1
2208,636,1
2224,645,9
2240,654,9
2256,663,9
2272,664,1
2288,673,9
2304,692,19
2320,705,13
2336,714,9
2352,727,13
2368,736,9
2384,745,9
2400,754,9
2416,763,9
2432,772,9
2448,785,13
2464,786,1
2480,787,1
2496,788,1
2512,789,1
2528,790,1
2544,791,1
2560,792,1
2576,801,9
2592,802,1
2608,821,19
2624,834,13
2640,849,15
2656,858,9
2672,859,1
2688,874,15
2704,875,1
2720,884,9
2736,885,1
2752,894,9
2768,913,19
2784,914,1
2800,915,1
2816,924,9
2832,925,1
2848,940,15
2864,949,9
2880,950,1
2896,965,15
2912,974,9
2928,983,9
2944,984,1
2960,993,9
2976,994,1
2992,995,1
3008,996,1
3024,1005,9
3040,1014,9
3056,1015,1
3072,1024,9
3088,1033,9
3104,1034,1
3120,1047,13
3136,1062,15
3152,1063,1
3168,1076,13
3184,1091,15
3200,1106,15
3216,1115,9
3232,1124,9
3248,1137,13
3264,1150,13
3280,1159,9
3296,1168,9
3312,1177,9
3328,1190,13
3344,1203,13
3360,1212,9
3376,1213,1
3392,1214,1
3408,1223,9
3424,1224,1
3440,1239,15
3456,1248,9
3472,1249,1
3488,1250,1
3504,1265,15
3520,1280,15
3536,1295,15
3552,1310,15
3568,1333,23
3584,1334,1
