batch_num,num_of_exec,difference
16,31,31
32,56,25
48,65,9
64,88,23
80,97,9
96,98,1
112,107,9
128,126,19
144,135,9
160,150,15
176,169,19
192,184,15
208,215,31
224,246,31
240,277,31
256,308,31
272,339,31
288,370,31
304,385,15
320,386,1
336,405,19
352,406,1
368,407,1
384,408,1
400,421,13
416,442,21
432,461,19
448,470,9
464,479,9
480,480,1
496,495,15
512,510,15
528,511,1
544,520,9
560,535,15
576,536,1
592,537,1
608,538,1
624,547,9
640,548,1
656,549,1
672,550,1
688,551,1
704,552,1
720,563,11
736,572,9
752,573,1
768,574,1
784,575,1
800,576,1
816,577,1
832,578,1
848,579,1
864,596,17
880,627,31
896,652,25
912,669,17
928,700,31
944,731,31
960,762,31
976,793,31
992,824,31
1008,855,31
1024,878,23
1040,887,9
1056,888,1
1072,897,9
1088,898,1
1104,915,17
1120,924,9
1136,953,29
1152,968,15
1168,999,31
1184,1016,17
1200,1047,31
1216,1072,25
1232,1103,31
1248,1128,25
1264,1149,21
1280,1176,27
1296,1207,31
1312,1238,31
1328,1261,23
1344,1288,27
1360,1319,31
1376,1348,29
1392,1371,23
1408,1394,23
1424,1423,29
1440,1454,31
1456,1485,31
1472,1516,31
1488,1547,31
1504,1578,31
1520,1609,31
1536,1640,31
1552,1671,31
1568,1702,31
1584,1733,31
1600,1764,31
1616,1795,31
1632,1826,31
1648,1857,31
1664,1888,31
1680,1919,31
1696,1950,31
1712,1981,31
1728,2012,31
1744,2043,31
1760,2074,31
1776,2105,31
1792,2136,31
1808,2167,31
1824,2198,31
1840,2229,31
1856,2260,31
1872,2275,15
1888,2276,1
1904,2277,1
1920,2286,9
1936,2305,19
1952,2316,11
1968,2331,15
1984,2340,9
2000,2349,9
2016,2364,15
2032,2373,9
2048,2374,1
2064,2383,9
2080,2404,21
2096,2417,13
2112,2440,23
2128,2453,13
2144,2454,1
2160,2463,9
2176,2468,5
