batch_num,num_of_exec,difference
16,31,31
32,62,31
48,87,25
64,88,1
80,109,21
96,122,13
112,145,23
128,176,31
144,185,9
160,216,31
176,237,21
192,268,31
208,285,17
224,314,29
240,343,29
256,354,11
272,373,19
288,392,19
304,405,13
320,420,15
336,437,17
352,464,27
368,483,19
384,514,31
400,535,21
416,566,31
432,587,21
448,602,15
464,625,23
480,648,23
496,677,29
512,702,25
528,717,15
544,732,15
560,755,23
576,776,21
592,803,27
608,824,21
624,843,19
640,866,23
656,875,9
672,898,23
688,919,21
704,938,19
720,955,17
736,976,21
752,985,9
768,1006,21
784,1007,1
800,1024,17
816,1035,11
832,1044,9
848,1045,1
864,1054,9
880,1063,9
896,1074,11
912,1101,27
928,1118,17
944,1127,9
960,1136,9
976,1149,13
992,1160,11
1008,1177,17
1024,1204,27
1040,1215,11
1056,1226,11
1072,1251,25
1088,1268,17
1104,1295,27
1120,1310,15
1136,1319,9
1152,1340,21
1168,1361,21
1184,1374,13
1200,1385,11
1216,1402,17
1232,1423,21
1248,1432,9
1264,1433,1
1280,1448,15
1296,1459,11
1312,1478,19
1328,1493,15
1344,1502,9
1360,1525,23
1376,1540,15
1392,1549,9
1408,1570,21
1424,1589,19
1440,1600,11
1456,1621,21
1472,1630,9
1488,1643,13
1504,1652,9
1520,1653,1
1536,1668,15
1552,1683,15
1568,1706,23
1584,1729,23
1600,1744,15
1616,1753,9
1632,1762,9
1648,1785,23
1664,1808,23
1680,1809,1
1696,1818,9
1712,1829,11
1728,1858,29
1744,1873,15
1760,1888,15
1776,1905,17
1792,1920,15
1808,1929,9
1824,1938,9
1840,1947,9
1856,1962,15
1872,1971,9
1888,1988,17
1904,1997,9
1920,1998,1
1936,2021,23
1952,2034,13
1968,2045,11
1984,2056,11
2000,2065,9
2016,2082,17
2032,2099,17
2048,2108,9
2064,2109,1
2080,2130,21
2096,2131,1
2112,2140,9
2128,2149,9
2144,2158,9
2160,2159,1
2176,2170,11
2192,2171,1
2208,2180,9
2224,2189,9
2240,2198,9
2256,2217,19
2272,2228,11
2288,2245,17
2304,2254,9
2320,2263,9
2336,2280,17
2352,2289,9
2368,2290,1
2384,2291,1
2400,2292,1
2416,2293,1
2432,2312,19
2448,2329,17
2464,2352,23
2480,2353,1
2496,2368,15
2512,2377,9
2528,2392,15
2544,2409,17
2560,2410,1
2576,2421,11
2592,2434,13
2608,2449,15
2624,2464,15
2640,2465,1
2656,2466,1
2672,2475,9
2688,2476,1
2704,2477,1
2720,2478,1
2736,2493,15
2752,2494,1
2768,2511,17
2784,2520,9
2800,2535,15
2816,2536,1
2832,2537,1
2848,2546,9
2864,2569,23
2880,2570,1
2896,2589,19
2912,2598,9
2928,2613,15
2944,2628,15
2960,2637,9
2976,2648,11
2992,2657,9
3008,2672,15
3024,2681,9
3040,2690,9
3056,2713,23
3072,2738,25
3088,2747,9
3104,2766,19
3120,2781,15
3136,2796,15
3152,2797,1
3168,2798,1
3184,2807,9
3200,2822,15
3216,2823,1
3232,2844,21
3248,2859,15
3264,2860,1
3280,2861,1
3296,2870,9
3312,2891,21
3328,2912,21
3344,2921,9
3360,2940,19
3376,2949,9
3392,2958,9
3408,2967,9
3424,2976,9
3440,2977,1
3456,2992,15
3472,3007,15
3488,3026,19
3504,3039,13
3520,3054,15
3536,3063,9
3552,3084,21
3568,3103,19
3584,3126,23
3600,3127,1
3616,3136,9
3632,3137,1
3648,3156,19
3664,3165,9
3680,3180,15
3696,3195,15
3712,3196,1
3728,3197,1
