batch_num,num_of_exec,difference
16,1,1
32,2,1
48,3,1
64,26,23
80,41,15
96,50,9
112,71,21
128,90,19
144,91,1
160,92,1
176,107,15
192,124,17
208,147,23
224,158,11
240,169,11
256,190,21
272,199,9
288,214,15
304,223,9
320,242,19
336,263,21
352,282,19
368,307,25
384,322,15
400,351,29
416,370,19
432,391,21
448,410,19
464,419,9
480,432,13
496,459,27
512,484,25
528,509,25
544,530,21
560,545,15
576,560,15
592,569,9
608,590,21
624,613,23
640,628,15
656,637,9
672,660,23
688,687,27
704,710,23
720,733,23
736,754,21
752,769,15
768,790,21
784,801,11
800,810,9
816,825,15
832,848,23
848,871,23
864,896,25
880,911,15
896,934,23
912,935,1
928,944,9
944,959,15
960,968,9
976,977,9
992,986,9
1008,1005,19
1024,1024,19
1040,1041,17
1056,1066,25
1072,1085,19
1088,1086,1
1104,1095,9
1120,1108,13
1136,1127,19
1152,1142,15
1168,1165,23
1184,1186,21
1200,1207,21
1216,1222,15
1232,1251,29
1248,1278,27
1264,1303,25
1280,1314,11
1296,1315,1
1312,1326,11
1328,1339,13
1344,1348,9
1360,1367,19
1376,1382,15
1392,1391,9
1408,1410,19
1424,1419,9
1440,1420,1
1456,1421,1
1472,1422,1
1488,1423,1
1504,1438,15
1520,1447,9
1536,1448,1
1552,1463,15
1568,1472,9
1584,1481,9
1600,1482,1
1616,1497,15
1632,1506,9
1648,1521,15
1664,1530,9
1680,1531,1
1696,1546,15
1712,1547,1
1728,1560,13
1744,1573,13
1760,1592,19
1776,1607,15
1792,1620,13
1808,1631,11
1824,1648,17
1840,1669,21
1856,1680,11
1872,1689,9
1888,1712,23
1904,1721,9
1920,1732,11
1936,1741,9
1952,1752,11
1968,1761,9
1984,1782,21
2000,1797,15
2016,1806,9
2032,1819,13
2048,1836,17
2064,1857,21
2080,1878,21
2096,1879,1
2112,1880,1
2128,1893,13
2144,1912,19
2160,1913,1
2176,1934,21
2192,1943,9
2208,1966,23
2224,1975,9
2240,1990,15
2256,2005,15
2272,2020,15
2288,2029,9
2304,2042,13
2320,2051,9
2336,2064,13
2352,2083,19
2368,2094,11
2384,2111,17
2400,2120,9
