batch_num,num_of_exec,difference
16,25,25
32,40,15
48,55,15
64,84,29
80,99,15
96,100,1
112,115,15
128,144,29
144,145,1
160,146,1
176,155,9
192,178,23
208,179,1
224,194,15
240,203,9
256,218,15
272,233,15
288,244,11
304,253,9
320,268,15
336,277,9
352,300,23
368,301,1
384,318,17
400,337,19
416,338,1
432,357,19
448,370,13
464,371,1
480,392,21
496,409,17
512,410,1
528,425,15
544,446,21
560,455,9
576,464,9
592,483,19
608,496,13
624,497,1
640,512,15
656,521,9
672,532,11
688,555,23
704,564,9
720,581,17
736,590,9
752,611,21
768,630,19
784,653,23
800,654,1
816,663,9
832,664,1
848,665,1
864,684,19
880,711,27
896,742,31
912,773,31
928,804,31
944,835,31
960,846,11
976,855,9
992,864,9
1008,873,9
1024,882,9
1040,897,15
1056,898,1
1072,899,1
1088,914,15
1104,923,9
1120,924,1
1136,933,9
1152,946,13
1168,965,19
1184,966,1
1200,967,1
1216,968,1
1232,969,1
1248,978,9
1264,993,15
1280,1002,9
1296,1011,9
1312,1012,1
1328,1013,1
1344,1014,1
1360,1023,9
1376,1038,15
1392,1061,23
1408,1062,1
1424,1087,25
1440,1098,11
1456,1099,1
1472,1100,1
1488,1101,1
1504,1102,1
1520,1113,11
1536,1114,1
1552,1115,1
1568,1116,1
1584,1117,1
1600,1118,1
1616,1119,1
1632,1120,1
1648,1121,1
1664,1136,15
1680,1137,1
1696,1138,1
1712,1147,9
1728,1156,9
1744,1157,1
1760,1158,1
1776,1159,1
1792,1160,1
1808,1161,1
1824,1170,9
1840,1171,1
1856,1186,15
1872,1197,11
1888,1206,9
1904,1207,1
1920,1216,9
1936,1217,1
1952,1218,1
1968,1219,1
1984,1220,1
2000,1221,1
2016,1222,1
2032,1237,15
2048,1248,11
2064,1259,11
2080,1268,9
2096,1269,1
