batch_num,num_of_exec,difference
16,21,21
32,22,1
48,23,1
64,32,9
80,33,1
96,34,1
112,35,1
128,36,1
144,47,11
160,48,1
176,57,9
192,58,1
208,59,1
224,60,1
240,75,15
256,84,9
272,85,1
288,86,1
304,95,9
320,96,1
336,105,9
352,106,1
368,107,1
384,108,1
400,109,1
416,110,1
432,111,1
448,112,1
464,113,1
480,114,1
496,115,1
512,124,9
528,125,1
544,134,9
560,135,1
576,136,1
592,145,9
608,156,11
624,157,1
640,166,9
656,167,1
672,168,1
688,169,1
704,178,9
720,179,1
736,180,1
752,181,1
768,190,9
784,191,1
800,192,1
816,193,1
832,194,1
848,203,9
864,212,9
880,213,1
896,222,9
912,223,1
928,224,1
944,225,1
960,226,1
976,227,1
992,236,9
1008,237,1
1024,246,9
1040,247,1
1056,260,13
1072,261,1
1088,262,1
1104,263,1
1120,264,1
1136,265,1
1152,266,1
1168,267,1
1184,268,1
1200,277,9
1216,304,27
1232,329,25
1248,342,13
1264,343,1
1280,344,1
1296,345,1
1312,346,1
1328,347,1
1344,348,1
1360,349,1
1376,350,1
1392,351,1
1408,352,1
1424,361,9
1440,378,17
1456,393,15
1472,394,1
1488,395,1
1504,396,1
1520,397,1
1536,398,1
1552,399,1
1568,400,1
1584,401,1
1600,402,1
1616,403,1
1632,404,1
1648,405,1
1664,406,1
1680,407,1
1696,408,1
1712,409,1
1728,410,1
1744,411,1
1760,412,1
1776,413,1
1792,414,1
1808,415,1
1824,416,1
1840,417,1
1856,418,1
1872,419,1
1888,420,1
1904,421,1
1920,422,1
1936,423,1
1952,424,1
1968,425,1
1984,426,1
2000,427,1
2016,428,1
2032,429,1
2048,430,1
2064,431,1
2080,432,1
2096,433,1
2112,434,1
