batch_num,num_of_exec,difference
16,1,1
32,18,17
48,27,9
64,28,1
80,37,9
96,38,1
112,39,1
128,40,1
144,41,1
160,50,9
176,51,1
192,52,1
208,53,1
224,54,1
240,67,13
256,82,15
272,91,9
288,92,1
304,93,1
320,94,1
336,103,9
352,104,1
368,105,1
384,106,1
400,115,9
416,116,1
432,117,1
448,118,1
464,119,1
480,120,1
496,121,1
512,122,1
528,123,1
544,124,1
560,125,1
576,126,1
592,141,15
608,142,1
624,143,1
640,144,1
656,145,1
672,146,1
688,147,1
704,148,1
720,149,1
736,150,1
752,159,9
768,160,1
784,171,11
800,172,1
816,173,1
832,174,1
848,175,1
864,176,1
880,185,9
896,186,1
912,201,15
928,202,1
944,203,1
960,212,9
976,231,19
992,240,9
1008,249,9
1024,258,9
1040,259,1
1056,268,9
1072,283,15
1088,292,9
1104,293,1
1120,294,1
1136,295,1
1152,304,9
1168,325,21
1184,346,21
1200,365,19
1216,388,23
1232,407,19
1248,408,1
1264,409,1
1280,418,9
1296,439,21
1312,448,9
1328,449,1
1344,458,9
1360,459,1
1376,460,1
1392,475,15
1408,484,9
1424,485,1
1440,494,9
1456,495,1
1472,506,11
1488,507,1
1504,508,1
1520,509,1
1536,510,1
1552,511,1
1568,512,1
1584,521,9
1600,522,1
1616,523,1
1632,524,1
1648,533,9
1664,542,9
1680,563,21
1696,564,1
1712,573,9
1728,574,1
1744,575,1
1760,588,13
1776,589,1
1792,598,9
1808,599,1
1824,600,1
1840,601,1
1856,610,9
1872,611,1
1888,612,1
1904,613,1
1920,614,1
1936,623,9
1952,624,1
1968,625,1
1984,626,1
2000,627,1
2016,628,1
2032,629,1
2048,630,1
2064,631,1
2080,640,9
2096,641,1
2112,642,1
2128,643,1
2144,644,1
2160,645,1
2176,646,1
2192,647,1
2208,648,1
2224,657,9
2240,658,1
2256,659,1
2272,660,1
2288,661,1
2304,662,1
2320,673,11
2336,674,1
2352,675,1
