batch_num,num_of_exec,difference
16,31,31
32,62,31
48,87,25
64,106,19
80,135,29
96,158,23
112,159,1
128,176,17
144,199,23
160,230,31
176,257,27
192,288,31
208,319,31
224,350,31
240,381,31
256,412,31
272,443,31
288,474,31
304,505,31
320,536,31
336,567,31
352,598,31
368,629,31
384,654,25
400,681,27
416,702,21
432,729,27
448,758,29
464,779,21
480,804,25
496,831,27
512,856,25
528,883,27
544,908,25
560,929,21
576,952,23
592,983,31
608,1010,27
624,1041,31
640,1070,29
656,1101,31
672,1132,31
688,1161,29
704,1192,31
720,1217,25
736,1240,23
752,1263,23
768,1286,23
784,1311,25
800,1342,31
816,1373,31
832,1404,31
848,1435,31
864,1466,31
880,1497,31
896,1528,31
912,1559,31
928,1590,31
944,1621,31
960,1652,31
976,1683,31
992,1708,25
1008,1729,21
1024,1754,25
1040,1779,25
1056,1808,29
1072,1837,29
1088,1868,31
1104,1893,25
1120,1912,19
1136,1931,19
1152,1956,25
1168,1977,21
1184,1994,17
1200,2019,25
1216,2046,27
1232,2075,29
1248,2098,23
1264,2119,21
1280,2132,13
1296,2155,23
1312,2170,15
1328,2185,15
1344,2200,15
1360,2215,15
1376,2232,17
1392,2245,13
1408,2254,9
1424,2263,9
1440,2278,15
1456,2293,15
1472,2314,21
1488,2315,1
1504,2340,25
1520,2355,15
1536,2374,19
1552,2383,9
1568,2404,21
1584,2425,21
1600,2440,15
1616,2459,19
1632,2480,21
1648,2489,9
1664,2504,15
1680,2523,19
1696,2536,13
1712,2537,1
1728,2546,9
1744,2555,9
1760,2564,9
1776,2579,15
1792,2580,1
1808,2607,27
1824,2638,31
1840,2669,31
1856,2700,31
1872,2731,31
1888,2746,15
1904,2761,15
1920,2770,9
1936,2783,13
1952,2804,21
1968,2805,1
1984,2814,9
2000,2829,15
2016,2838,9
2032,2849,11
2048,2850,1
2064,2869,19
2080,2888,19
2096,2917,29
2112,2918,1
2128,2937,19
2144,2952,15
2160,2963,11
2176,2972,9
2192,2977,5
