batch_num,num_of_exec,difference
16,31,31
32,62,31
48,77,15
64,90,13
80,91,1
96,92,1
112,93,1
128,102,9
144,103,1
160,112,9
176,121,9
192,130,9
208,131,1
224,146,15
240,155,9
256,164,9
272,189,25
288,218,29
304,245,27
320,276,31
336,297,21
352,328,31
368,359,31
384,390,31
400,405,15
416,430,25
432,461,31
448,492,31
464,521,29
480,532,11
496,555,23
512,570,15
528,579,9
544,598,19
560,613,15
576,628,15
592,645,17
608,660,15
624,691,31
640,722,31
656,753,31
672,784,31
688,795,11
704,808,13
720,829,21
736,848,19
752,857,9
768,876,19
784,903,27
800,934,31
816,965,31
832,984,19
848,1009,25
864,1018,9
880,1027,9
896,1052,25
912,1071,19
928,1080,9
944,1097,17
960,1110,13
976,1119,9
992,1134,15
1008,1135,1
1024,1164,29
1040,1175,11
1056,1186,11
1072,1187,1
1088,1196,9
1104,1207,11
1120,1238,31
1136,1269,31
1152,1298,29
1168,1307,9
1184,1316,9
1200,1333,17
1216,1354,21
1232,1375,21
1248,1376,1
1264,1377,1
1280,1388,11
1296,1405,17
1312,1414,9
1328,1415,1
1344,1426,11
1360,1441,15
1376,1442,1
1392,1453,11
1408,1454,1
1424,1455,1
1440,1474,19
1456,1483,9
1472,1484,1
1488,1497,13
1504,1506,9
1520,1515,9
1536,1530,15
1552,1531,1
1568,1532,1
1584,1533,1
1600,1534,1
1616,1535,1
1632,1536,1
1648,1537,1
1664,1538,1
1680,1539,1
1696,1550,11
1712,1551,1
1728,1552,1
1744,1553,1
1760,1574,21
1776,1575,1
1792,1586,11
1808,1595,9
1824,1596,1
1840,1611,15
1856,1622,11
1872,1633,11
1888,1642,9
1904,1643,1
1920,1644,1
1936,1657,13
1952,1658,1
1968,1659,1
1984,1660,1
2000,1661,1
2016,1676,15
2032,1677,1
2048,1678,1
2064,1679,1
2080,1688,9
2096,1703,15
2112,1704,1
2128,1705,1
2144,1714,9
2160,1715,1
2176,1716,1
2192,1717,1
2208,1718,1
2224,1719,1
2240,1720,1
2256,1721,1
2272,1722,1
2288,1731,9
2304,1732,1
2320,1761,29
2336,1792,31
2352,1823,31
2368,1854,31
2384,1885,31
2400,1916,31
2416,1947,31
2432,1978,31
2448,2009,31
2464,2040,31
2480,2071,31
2496,2082,11
2512,2083,1
2528,2084,1
2544,2099,15
2560,2108,9
2576,2109,1
2592,2124,15
2608,2137,13
2624,2156,19
2640,2175,19
2656,2190,15
2672,2191,1
2688,2192,1
2704,2201,9
2720,2202,1
2736,2203,1
2752,2204,1
2768,2205,1
2784,2206,1
2800,2207,1
2816,2216,9
2832,2217,1
2848,2218,1
2864,2219,1
2880,2228,9
2896,2239,11
2912,2270,31
2928,2301,31
2944,2332,31
2960,2363,31
2976,2372,9
2992,2373,1
3008,2374,1
3024,2375,1
3040,2376,1
3056,2377,1
3072,2378,1
3088,2387,9
3104,2388,1
3120,2389,1
3136,2390,1
3152,2391,1
3168,2392,1
3184,2393,1
3200,2394,1
3216,2395,1
3232,2404,9
3248,2417,13
3264,2426,9
3280,2427,1
3296,2436,9
3312,2437,1
3328,2438,1
3344,2439,1
3360,2450,11
3376,2451,1
3392,2452,1
3408,2453,1
3424,2454,1
3440,2455,1
3456,2456,1
3472,2457,1
3488,2458,1
3504,2459,1
3520,2470,11
3536,2487,17
3552,2496,9
3568,2497,1
3584,2498,1
3600,2499,1
3616,2500,1
3632,2501,1
3648,2502,1
3664,2503,1
3680,2504,1
3696,2505,1
3712,2506,1
3728,2507,1
3744,2508,1
3760,2509,1
3776,2522,13
3792,2523,1
3808,2524,1
3824,2533,9
3840,2534,1
3856,2535,1
3872,2536,1
3888,2537,1
3904,2538,1
3920,2539,1
3936,2540,1
3952,2549,9
3968,2558,9
3984,2567,9
4000,2576,9
4016,2577,1
4032,2578,1
4048,2579,1
4064,2580,1
4080,2581,1
4096,2582,1
4112,2583,1
4128,2584,1
4144,2585,1
4160,2586,1
4176,2587,1
4192,2588,1
4208,2589,1
4224,2590,1
4240,2591,1
4256,2592,1
4272,2593,1
4288,2614,21
4304,2623,9
4320,2624,1
4336,2625,1
4352,2626,1
4368,2627,1
4384,2628,1
4400,2629,1
4416,2630,1
4432,2631,1
4448,2632,1
4464,2633,1
4480,2634,1
4496,2635,1
4512,2636,1
4528,2645,9
4544,2646,1
4560,2647,1
4576,2648,1
4592,2649,1
4608,2650,1
4624,2651,1
4640,2652,1
4656,2653,1
4672,2654,1
4688,2655,1
4704,2656,1
4720,2657,1
4736,2658,1
4752,2659,1
4768,2660,1
4784,2661,1
4800,2662,1
4816,2663,1
