batch_num,num_of_exec,difference
16,31,31
32,62,31
48,93,31
64,124,31
80,155,31
96,186,31
112,217,31
128,248,31
144,279,31
160,310,31
176,341,31
192,372,31
208,403,31
224,434,31
240,443,9
256,452,9
272,469,17
288,498,29
304,529,31
320,560,31
336,589,29
352,612,23
368,635,23
384,644,9
400,673,29
416,704,31
432,727,23
448,750,23
464,761,11
480,776,15
496,807,31
512,816,9
528,833,17
544,834,1
560,851,17
576,878,27
592,899,21
608,930,31
624,961,31
640,992,31
656,1023,31
672,1054,31
688,1085,31
704,1104,19
720,1115,11
736,1136,21
752,1153,17
768,1162,9
784,1163,1
800,1172,9
816,1203,31
832,1226,23
848,1243,17
864,1264,21
880,1265,1
896,1266,1
912,1289,23
928,1290,1
944,1291,1
960,1300,9
976,1309,9
992,1328,19
1008,1339,11
1024,1362,23
1040,1379,17
1056,1394,15
1072,1405,11
1088,1406,1
1104,1419,13
1120,1450,31
1136,1459,9
1152,1468,9
1168,1477,9
1184,1478,1
1200,1479,1
1216,1496,17
1232,1497,1
1248,1510,13
1264,1511,1
1280,1540,29
1296,1571,31
1312,1596,25
1328,1607,11
1344,1616,9
1360,1643,27
1376,1652,9
1392,1683,31
1408,1684,1
1424,1699,15
1440,1700,1
1456,1721,21
1472,1732,11
1488,1747,15
1504,1760,13
1520,1771,11
1536,1782,11
1552,1811,29
1568,1812,1
1584,1821,9
1600,1834,13
1616,1835,1
1632,1844,9
1648,1853,9
1664,1864,11
1680,1875,11
1696,1892,17
1712,1903,11
1728,1912,9
1744,1913,1
1760,1930,17
1776,1947,17
1792,1948,1
1808,1959,11
1824,1974,15
1840,1975,1
1856,1998,23
1872,2023,25
1888,2052,29
1904,2061,9
1920,2078,17
1936,2099,21
1952,2128,29
1968,2145,17
1984,2160,15
2000,2177,17
2016,2192,15
2032,2207,15
2048,2216,9
2064,2247,31
2080,2270,23
2096,2287,17
2112,2306,19
2128,2331,25
2144,2332,1
2160,2353,21
2176,2384,31
2192,2415,31
2208,2446,31
2224,2477,31
2240,2508,31
2256,2531,23
2272,2560,29
2288,2589,29
2304,2612,23
2320,2637,25
2336,2660,23
2352,2681,21
2368,2706,25
2384,2729,23
2400,2730,1
2416,2749,19
2432,2750,1
2448,2765,15
2464,2788,23
2480,2805,17
2496,2836,31
2512,2851,15
2528,2852,1
2544,2873,21
2560,2882,9
2576,2905,23
2592,2928,23
2608,2929,1
2624,2954,25
2640,2973,19
2656,2984,11
2672,2993,9
2688,3004,11
2704,3005,1
2720,3020,15
2736,3031,11
2752,3046,15
2768,3077,31
2784,3102,25
2800,3115,13
2816,3134,19
2832,3149,15
2848,3164,15
2864,3173,9
2880,3174,1
2896,3175,1
2912,3200,25
2928,3209,9
2944,3234,25
2960,3263,29
2976,3272,9
2992,3289,17
3008,3308,19
3024,3325,17
3040,3342,17
3056,3363,21
3072,3384,21
3088,3393,9
3104,3394,1
3120,3425,31
3136,3440,15
3152,3467,27
3168,3484,17
3184,3515,31
3200,3546,31
3216,3547,1
3232,3558,11
3248,3581,23
3264,3604,23
3280,3623,19
3296,3632,9
3312,3663,31
3328,3694,31
3344,3719,25
3360,3732,13
3376,3747,15
3392,3768,21
3408,3785,17
3424,3796,11
3440,3807,11
3456,3822,15
3472,3845,23
3488,3866,21
3504,3875,9
3520,3888,13
3536,3905,17
3552,3918,13
3568,3927,9
3584,3956,29
3600,3975,19
3616,4004,29
3632,4031,27
3648,4052,21
3664,4071,19
3680,4092,21
3696,4119,27
3712,4150,31
3728,4175,25
3744,4198,23
3760,4207,9
3776,4218,11
3792,4247,29
3808,4256,9
3824,4265,9
3840,4288,23
3856,4301,13
3872,4326,25
3888,4339,13
3904,4350,11
3920,4367,17
3936,4386,19
3952,4413,27
3968,4428,15
3984,4457,29
4000,4486,29
4016,4517,31
4032,4538,21
4048,4539,1
4064,4548,9
4080,4573,25
4096,4574,1
4112,4589,15
4128,4598,9
4144,4599,1
4160,4616,17
4176,4625,9
4192,4656,31
4208,4687,31
4224,4716,29
4240,4725,9
4256,4726,1
4272,4737,11
4288,4746,9
4304,4747,1
4320,4748,1
4336,4757,9
4352,4770,13
4368,4787,17
4384,4810,23
4400,4823,13
4416,4836,13
4432,4857,21
4448,4866,9
4464,4887,21
4480,4910,23
4496,4929,19
4512,4952,23
4528,4977,25
4544,4994,17
4560,5003,9
4576,5012,9
4592,5033,21
4608,5046,13
4624,5067,21
4640,5088,21
4656,5097,9
4672,5120,23
4688,5135,15
4704,5164,29
4720,5179,15
4736,5188,9
4752,5209,21
4768,5218,9
4784,5219,1
4800,5234,15
4816,5249,15
4832,5276,27
4848,5307,31
4864,5324,17
4880,5347,23
4896,5356,9
4912,5369,13
4928,5392,23
4944,5423,31
4960,5454,31
4976,5479,25
4992,5480,1
5008,5501,21
5024,5516,15
5040,5539,23
5056,5556,17
5072,5581,25
5088,5596,15
5104,5613,17
5120,5624,11
5136,5625,1
5152,5634,9
5168,5635,1
5184,5644,9
5200,5653,9
5216,5662,9
5232,5671,9
5248,5690,19
5264,5711,21
5280,5720,9
5296,5729,9
5312,5746,17
5328,5755,9
5344,5756,1
5360,5757,1
5376,5758,1
5392,5767,9
5408,5776,9
5424,5785,9
5440,5794,9
5456,5795,1
5472,5796,1
5488,5797,1
5504,5806,9
5520,5821,15
5536,5830,9
5552,5855,25
5568,5856,1
5584,5865,9
5600,5874,9
5616,5897,23
5632,5922,25
5648,5923,1
5664,5932,9
5680,5943,11
5696,5944,1
5712,5965,21
5728,5992,27
5744,6009,17
5760,6030,21
5776,6041,11
5792,6054,13
5808,6069,15
5824,6088,19
5840,6111,23
5856,6112,1
5872,6113,1
5888,6124,11
5904,6125,1
5920,6126,1
5936,6135,9
5952,6136,1
5968,6155,19
5984,6170,15
6000,6179,9
6016,6180,1
6032,6181,1
6048,6182,1
6064,6205,23
6080,6236,31
6096,6267,31
6112,6298,31
6128,6329,31
6144,6360,31
6160,6391,31
6176,6422,31
6192,6451,29
6208,6480,29
6224,6503,23
6240,6528,25
6256,6551,23
6272,6568,17
6288,6577,9
6304,6578,1
6320,6587,9
6336,6608,21
6352,6639,31
6368,6670,31
6384,6701,31
6400,6732,31
6416,6763,31
6432,6788,25
6448,6801,13
6464,6824,23
6480,6833,9
6496,6856,23
6512,6885,29
6528,6916,31
6544,6939,23
6560,6940,1
6576,6949,9
6592,6962,13
6608,6977,15
6624,6988,11
6640,7007,19
6656,7016,9
6672,7017,1
6688,7032,15
6704,7041,9
6720,7050,9
6736,7059,9
6752,7060,1
6768,7073,13
6784,7094,21
6800,7113,19
6816,7138,25
6832,7159,21
6848,7168,9
6864,7183,15
6880,7194,11
6896,7209,15
6912,7234,25
6928,7261,27
6944,7280,19
6960,7291,11
6976,7300,9
6992,7309,9
7008,7324,15
7024,7347,23
7040,7356,9
7056,7365,9
7072,7374,9
7088,7383,9
7104,7384,1
7120,7397,13
7136,7412,15
7152,7427,15
7168,7436,9
7184,7451,15
7200,7476,25
7216,7485,9
7232,7498,13
7248,7507,9
7264,7526,19
7280,7535,9
7296,7544,9
7312,7561,17
7328,7574,13
7344,7591,17
7360,7600,9
7376,7601,1
7392,7616,15
7408,7617,1
7424,7634,17
7440,7643,9
7456,7666,23
7472,7675,9
7488,7684,9
7504,7699,15
7520,7718,19
7536,7719,1
7552,7734,15
7568,7743,9
7584,7744,1
7600,7761,17
7616,7762,1
7632,7775,13
7648,7798,23
7664,7811,13
7680,7826,15
7696,7827,1
7712,7836,9
7728,7845,9
7744,7854,9
7760,7873,19
7776,7882,9
7792,7891,9
7808,7900,9
7824,7919,19
7840,7932,13
7856,7947,15
7872,7948,1
7888,7961,13
7904,7986,25
7920,8001,15
7936,8002,1
7952,8003,1
7968,8004,1
7984,8017,13
8000,8018,1
8016,8019,1
8032,8028,9
8048,8045,17
8064,8046,1
8080,8061,15
8096,8062,1
8112,8063,1
8128,8064,1
8144,8073,9
8160,8074,1
8176,8075,1
8192,8084,9
8208,8085,1
8224,8094,9
8240,8095,1
8256,8104,9
8272,8117,13
8288,8138,21
8304,8139,1
8320,8152,13
8336,8175,23
8352,8198,23
8368,8215,17
8384,8232,17
8400,8261,29
8416,8292,31
8432,8305,13
8448,8314,9
8464,8315,1
8480,8324,9
8496,8325,1
8512,8334,9
8528,8363,29
8544,8380,17
8560,8411,31
8576,8432,21
8592,8453,21
8608,8484,31
8624,8513,29
8640,8540,27
8656,8567,27
8672,8598,31
8688,8629,31
8704,8654,25
8720,8669,15
8736,8688,19
8752,8689,1
8768,8710,21
8784,8727,17
8800,8758,31
8816,8789,31
8832,8818,29
8848,8849,31
8864,8874,25
8880,8887,13
8896,8904,17
8912,8919,15
8928,8932,13
8944,8949,17
8960,8964,15
8976,8979,15
8992,8996,17
9008,9013,17
9024,9026,13
9040,9041,15
9056,9056,15
9072,9065,9
9088,9084,19
9104,9093,9
9120,9094,1
9136,9113,19
9152,9128,15
9168,9137,9
9184,9154,17
9200,9163,9
9216,9174,11
9232,9197,23
9248,9222,25
9264,9239,17
9280,9268,29
9296,9299,31
9312,9330,31
9328,9361,31
9344,9372,11
9360,9385,13
9376,9402,17
9392,9433,31
9408,9452,19
9424,9461,9
9440,9462,1
9456,9463,1
9472,9464,1
9488,9473,9
9504,9474,1
9520,9475,1
9536,9484,9
9552,9493,9
9568,9502,9
9584,9503,1
9600,9504,1
9616,9505,1
9632,9506,1
9648,9515,9
9664,9516,1
9680,9531,15
9696,9532,1
9712,9543,11
9728,9544,1
9744,9545,1
9760,9546,1
9776,9559,13
9792,9568,9
9808,9569,1
9824,9570,1
9840,9571,1
9856,9572,1
9872,9587,15
9888,9596,9
9904,9597,1
9920,9598,1
9936,9607,9
9952,9622,15
9968,9631,9
9984,9632,1
10000,9653,21
10016,9654,1
10032,9663,9
10048,9664,1
10064,9665,1
10080,9674,9
10096,9675,1
10112,9692,17
10128,9693,1
10144,9702,9
10160,9703,1
10176,9712,9
10192,9713,1
10208,9714,1
10224,9715,1
10240,9724,9
10256,9749,25
10272,9778,29
10288,9779,1
10304,9780,1
10320,9781,1
10336,9782,1
10352,9809,27
10368,9834,25
10384,9835,1
10400,9836,1
10416,9845,9
10432,9846,1
10448,9847,1
10464,9848,1
10480,9867,19
10496,9886,19
10512,9887,1
10528,9898,11
10544,9921,23
10560,9922,1
10576,9923,1
10592,9944,21
10608,9959,15
10624,9974,15
10640,9993,19
10656,10016,23
10672,10017,1
10688,10028,11
10704,10047,19
10720,10048,1
10736,10049,1
10752,10050,1
10768,10059,9
10784,10060,1
10800,10069,9
10816,10070,1
10832,10071,1
10848,10084,13
10864,10107,23
10880,10136,29
10896,10167,31
10912,10180,13
10928,10195,15
10944,10216,21
10960,10233,17
10976,10252,19
10992,10265,13
11008,10290,25
11024,10291,1
11040,10300,9
11056,10325,25
11072,10334,9
11088,10347,13
11104,10368,21
11120,10395,27
11136,10404,9
11152,10413,9
11168,10436,23
11184,10437,1
11200,10446,9
11216,10473,27
11232,10482,9
11248,10483,1
11264,10492,9
11280,10515,23
11296,10524,9
11312,10525,1
11328,10526,1
11344,10541,15
11360,10554,13
11376,10571,17
11392,10592,21
11408,10617,25
11424,10638,21
11440,10653,15
11456,10668,15
11472,10693,25
11488,10702,9
11504,10723,21
11520,10746,23
11536,10763,17
11552,10784,21
11568,10793,9
11584,10808,15
11600,10825,17
11616,10846,21
11632,10861,15
11648,10862,1
11664,10885,23
11680,10900,15
11696,10911,11
11712,10924,13
11728,10939,15
11744,10954,15
11760,10969,15
11776,10992,23
11792,11007,15
11808,11016,9
11824,11027,11
11840,11028,1
11856,11037,9
11872,11038,1
11888,11051,13
11904,11052,1
11920,11063,11
11936,11072,9
11952,11073,1
11968,11082,9
11984,11097,15
12000,11118,21
12016,11119,1
12032,11120,1
12048,11129,9
12064,11142,13
12080,11151,9
12096,11160,9
12112,11175,15
12128,11202,27
12144,11231,29
12160,11246,15
12176,11259,13
12192,11268,9
12208,11283,15
12224,11292,9
12240,11307,15
12256,11326,19
12272,11345,19
12288,11364,19
12304,11365,1
12320,11388,23
12336,11397,9
12352,11406,9
12368,11437,31
12384,11452,15
12400,11461,9
12416,11462,1
12432,11487,25
12448,11488,1
12464,11489,1
12480,11508,19
12496,11523,15
12512,11536,13
12528,11537,1
12544,11538,1
12560,11557,19
12576,11570,13
12592,11579,9
12608,11602,23
12624,11611,9
12640,11622,11
12656,11631,9
12672,11640,9
12688,11649,9
12704,11664,15
12720,11673,9
12736,11682,9
12752,11711,29
12768,11736,25
12784,11737,1
12800,11738,1
12816,11747,9
12832,11758,11
12848,11783,25
12864,11804,21
12880,11813,9
12896,11814,1
12912,11837,23
12928,11838,1
12944,11859,21
12960,11870,11
12976,11885,15
12992,11886,1
13008,11887,1
13024,11910,23
13040,11931,21
13056,11956,25
13072,11977,21
13088,11978,1
13104,11999,21
13120,12008,9
13136,12029,21
13152,12050,21
13168,12079,29
13184,12100,21
13200,12113,13
13216,12134,21
13232,12155,21
13248,12170,15
13264,12197,27
13280,12224,27
13296,12233,9
13312,12252,19
13328,12273,21
13344,12282,9
13360,12295,13
13376,12310,15
13392,12335,25
13408,12362,27
13424,12383,21
13440,12404,21
13456,12425,21
13472,12452,27
13488,12475,23
13504,12496,21
13520,12521,25
13536,12552,31
13552,12573,21
13568,12588,15
13584,12603,15
13600,12612,9
13616,12629,17
13632,12650,21
13648,12677,27
13664,12692,15
13680,12713,21
13696,12740,27
13712,12759,19
13728,12778,19
13744,12801,23
13760,12810,9
13776,12823,13
13792,12844,21
13808,12865,21
13824,12878,13
13840,12897,19
13856,12908,11
13872,12931,23
13888,12952,21
13904,12967,15
13920,12988,21
13936,13009,21
13952,13026,17
13968,13047,21
13984,13068,21
14000,13089,21
14016,13114,25
14032,13123,9
14048,13144,21
14064,13165,21
14080,13174,9
14096,13195,21
14112,13214,19
14128,13231,17
14144,13232,1
