batch_num,num_of_exec,difference
16,31,31
32,48,17
48,71,23
64,72,1
80,73,1
96,102,29
112,103,1
128,104,1
144,105,1
160,114,9
176,133,19
192,134,1
208,135,1
224,136,1
240,151,15
256,152,1
272,169,17
288,184,15
304,199,15
320,208,9
336,219,11
352,220,1
368,235,15
384,246,11
400,263,17
416,282,19
432,307,25
448,308,1
464,309,1
480,326,17
496,327,1
512,328,1
528,329,1
544,330,1
560,331,1
576,346,15
592,359,13
608,368,9
624,369,1
640,370,1
656,371,1
672,372,1
688,373,1
704,394,21
720,395,1
736,396,1
752,405,9
768,406,1
784,429,23
800,450,21
816,465,15
832,482,17
848,483,1
864,484,1
880,485,1
896,486,1
912,487,1
928,488,1
944,489,1
960,504,15
976,505,1
992,528,23
1008,559,31
1024,580,21
1040,607,27
1056,622,15
1072,623,1
1088,638,15
1104,639,1
1120,640,1
1136,657,17
1152,658,1
1168,667,9
1184,696,29
1200,713,17
1216,722,9
1232,747,25
1248,756,9
1264,767,11
1280,776,9
1296,795,19
1312,822,27
1328,843,21
1344,872,29
1360,903,31
1376,934,31
1392,965,31
1408,986,21
1424,1005,19
1440,1024,19
1456,1043,19
1472,1062,19
1488,1083,21
1504,1112,29
1520,1129,17
1536,1152,23
1552,1173,21
1568,1182,9
1584,1201,19
1600,1218,17
1616,1237,19
1632,1252,15
1648,1269,17
1664,1280,11
1680,1293,13
1696,1302,9
1712,1321,19
1728,1336,15
1744,1359,23
1760,1388,29
1776,1415,27
1792,1442,27
1808,1469,27
1824,1494,25
1840,1507,13
1856,1528,21
1872,1553,25
1888,1580,27
1904,1601,21
1920,1624,23
1936,1653,29
1952,1668,15
1968,1695,27
1984,1712,17
2000,1733,21
2016,1762,29
2032,1793,31
2048,1824,31
2064,1855,31
2080,1886,31
2096,1917,31
2112,1940,23
2128,1963,23
2144,1994,31
2160,2023,29
2176,2046,23
2192,2067,21
2208,2094,27
2224,2095,1
2240,2114,19
2256,2115,1
2272,2138,23
2288,2163,25
2304,2188,25
2320,2205,17
2336,2218,13
2352,2237,19
2368,2252,15
2384,2275,23
2400,2302,27
2416,2323,21
2432,2348,25
2448,2363,15
2464,2372,9
2480,2387,15
2496,2410,23
2512,2435,25
2528,2448,13
2544,2467,19
2560,2480,13
2576,2505,25
2592,2526,21
2608,2541,15
2624,2560,19
2640,2571,11
2656,2592,21
2672,2607,15
2688,2608,1
2704,2631,23
2720,2654,23
2736,2673,19
2752,2692,19
2768,2723,31
2784,2752,29
