batch_num,num_of_exec,difference
16,1,1
32,18,17
48,41,23
64,64,23
80,81,17
96,98,17
112,127,29
128,146,19
144,161,15
160,162,1
176,177,15
192,178,1
208,179,1
224,180,1
240,189,9
256,190,1
272,191,1
288,192,1
304,193,1
320,194,1
336,195,1
352,204,9
368,205,1
384,226,21
400,227,1
416,236,9
432,251,15
448,252,1
464,263,11
480,286,23
496,295,9
512,304,9
528,305,1
544,314,9
560,323,9
576,324,1
592,325,1
608,344,19
624,355,11
640,386,31
656,415,29
672,444,29
688,471,27
704,502,31
720,533,31
736,562,29
752,591,29
768,620,29
784,633,13
800,634,1
816,635,1
832,648,13
848,657,9
864,666,9
880,667,1
896,668,1
912,677,9
928,678,1
944,695,17
960,710,15
976,735,25
992,744,9
1008,753,9
1024,762,9
1040,785,23
1056,786,1
1072,795,9
1088,814,19
1104,823,9
1120,832,9
1136,833,1
1152,842,9
1168,851,9
1184,852,1
1200,861,9
1216,862,1
1232,871,9
1248,872,1
1264,873,1
1280,888,15
1296,911,23
1312,928,17
1328,951,23
1344,982,31
1360,1013,31
1376,1038,25
1392,1047,9
1408,1072,25
1424,1083,11
1440,1098,15
1456,1119,21
1472,1140,21
1488,1161,21
1504,1180,19
1520,1193,13
1536,1204,11
1552,1233,29
1568,1250,17
1584,1259,9
1600,1268,9
1616,1269,1
1632,1270,1
1648,1279,9
1664,1288,9
1680,1307,19
1696,1328,21
1712,1337,9
1728,1346,9
1744,1355,9
1760,1356,1
1776,1357,1
1792,1358,1
1808,1373,15
1824,1388,15
1840,1411,23
1856,1426,15
1872,1447,21
1888,1464,17
1904,1487,23
1920,1518,31
1936,1535,17
1952,1544,9
1968,1557,13
1984,1558,1
2000,1567,9
2016,1590,23
2032,1603,13
2048,1620,17
2064,1635,15
2080,1650,15
2096,1665,15
2112,1666,1
2128,1679,13
2144,1688,9
2160,1705,17
2176,1720,15
2192,1733,13
2208,1742,9
2224,1757,15
2240,1766,9
2256,1779,13
2272,1788,9
2288,1807,19
2304,1828,21
2320,1847,19
2336,1856,9
2352,1885,29
2368,1908,23
2384,1927,19
2400,1958,31
2416,1985,27
2432,2016,31
2448,2045,29
2464,2076,31
2480,2099,23
2496,2120,21
2512,2151,31
2528,2182,31
2544,2211,29
2560,2234,23
2576,2243,9
2592,2268,25
2608,2269,1
2624,2278,9
2640,2291,13
2656,2318,27
2672,2347,29
2688,2372,25
2704,2393,21
2720,2422,29
2736,2445,23
2752,2466,21
2768,2481,15
2784,2504,23
2800,2525,21
2816,2554,29
2832,2577,23
2848,2596,19
2864,2619,23
2880,2632,13
2896,2633,1
2912,2650,17
2928,2651,1
