batch_num,num_of_exec,difference
16,25,25
32,26,1
48,27,1
64,36,9
80,53,17
96,62,9
112,75,13
128,84,9
144,105,21
160,114,9
176,123,9
192,124,1
208,141,17
224,156,15
240,157,1
256,168,11
272,169,1
288,182,13
304,183,1
320,192,9
336,219,27
352,242,23
368,263,21
384,282,19
400,291,9
416,314,23
432,337,23
448,364,27
464,387,23
480,412,25
496,433,21
512,450,17
528,469,19
544,486,17
560,503,17
576,518,15
592,527,9
608,528,1
624,529,1
640,558,29
656,577,19
672,598,21
688,613,15
704,636,23
720,649,13
736,666,17
752,689,23
768,704,15
784,713,9
800,732,19
816,745,13
832,754,9
848,779,25
864,800,21
880,817,17
896,838,21
912,861,23
928,882,21
944,891,9
960,906,15
976,925,19
992,948,23
1008,979,31
1024,1010,31
1040,1025,15
1056,1042,17
1072,1057,15
1088,1070,13
1104,1071,1
1120,1096,25
1136,1123,27
1152,1144,21
1168,1175,31
1184,1186,11
1200,1195,9
1216,1204,9
1232,1205,1
1248,1218,13
1264,1249,31
1280,1274,25
1296,1291,17
1312,1312,21
1328,1335,23
1344,1364,29
1360,1391,27
1376,1406,15
1392,1431,25
1408,1450,19
1424,1473,23
1440,1504,31
1456,1535,31
1472,1566,31
1488,1591,25
1504,1618,27
1520,1649,31
1536,1674,25
1552,1699,25
1568,1714,15
1584,1741,27
1600,1756,15
1616,1787,31
1632,1818,31
1648,1843,25
1664,1874,31
1680,1899,25
1696,1926,27
1712,1953,27
1728,1970,17
1744,1993,23
1760,2014,21
1776,2029,15
1792,2044,15
1808,2053,9
1824,2062,9
1840,2063,1
1856,2084,21
1872,2099,15
1888,2116,17
1904,2145,29
1920,2174,29
1936,2197,23
1952,2218,21
1968,2245,27
1984,2272,27
2000,2299,27
2016,2326,27
2032,2353,27
2048,2380,27
2064,2411,31
2080,2442,31
2096,2469,27
2112,2490,21
2128,2519,29
2144,2530,11
2160,2551,21
2176,2576,25
2192,2593,17
2208,2614,21
2224,2635,21
2240,2660,25
2256,2683,23
2272,2700,17
2288,2723,23
2304,2754,31
2320,2781,27
2336,2808,27
2352,2831,23
2368,2850,19
2384,2877,27
2400,2908,31
2416,2939,31
2432,2962,23
2448,2989,27
2464,3020,31
2480,3051,31
2496,3082,31
2512,3113,31
2528,3134,21
2544,3163,29
2560,3194,31
2576,3225,31
2592,3256,31
2608,3287,31
2624,3318,31
2640,3349,31
2656,3380,31
2672,3411,31
2688,3442,31
2704,3473,31
2720,3504,31
2736,3535,31
2752,3566,31
2768,3597,31
2784,3628,31
2800,3659,31
2816,3690,31
2832,3721,31
2848,3752,31
2864,3783,31
2880,3814,31
2896,3845,31
2912,3876,31
2928,3907,31
2944,3938,31
2960,3969,31
2976,4000,31
2992,4031,31
3008,4062,31
3024,4093,31
3040,4124,31
3056,4155,31
3072,4186,31
3088,4217,31
3104,4248,31
3120,4279,31
3136,4308,29
3152,4337,29
3168,4368,31
3184,4399,31
3200,4430,31
3216,4461,31
3232,4492,31
3248,4523,31
3264,4554,31
3280,4585,31
3296,4616,31
3312,4645,29
3328,4662,17
3344,4693,31
3360,4724,31
3376,4755,31
3392,4786,31
3408,4817,31
3424,4846,29
3440,4877,31
3456,4908,31
3472,4937,29
3488,4968,31
3504,4999,31
3520,5028,29
3536,5057,29
3552,5088,31
3568,5119,31
3584,5134,15
3600,5159,25
3616,5184,25
3632,5211,27
3648,5234,23
3664,5257,23
3680,5288,31
3696,5319,31
3712,5346,27
3728,5373,27
3744,5398,25
3760,5415,17
3776,5430,15
3792,5455,25
3808,5476,21
3824,5493,17
3840,5520,27
3856,5545,25
3872,5554,9
3888,5569,15
3904,5586,17
3920,5615,29
3936,5632,17
3952,5651,19
3968,5666,15
3984,5685,19
4000,5706,21
4016,5721,15
4032,5742,21
4048,5743,1
4064,5766,23
4080,5797,31
4096,5806,9
4112,5815,9
4128,5842,27
4144,5871,29
4160,5900,29
4176,5909,9
4192,5918,9
4208,5939,21
4224,5950,11
4240,5981,31
4256,6000,19
4272,6009,9
4288,6030,21
4304,6041,11
4320,6042,1
4336,6057,15
4352,6074,17
4368,6103,29
4384,6112,9
4400,6113,1
4416,6114,1
4432,6115,1
4448,6132,17
4464,6149,17
4480,6150,1
4496,6167,17
4512,6188,21
4528,6217,29
4544,6242,25
4560,6265,23
4576,6286,21
4592,6317,31
4608,6342,25
4624,6353,11
4640,6384,31
4656,6407,23
4672,6434,27
4688,6451,17
4704,6476,25
4720,6499,23
4736,6528,29
4752,6553,25
4768,6566,13
4784,6593,27
4800,6624,31
4816,6655,31
4832,6670,15
4848,6679,9
4864,6694,15
4880,6719,25
4896,6750,31
4912,6781,31
4928,6806,25
4944,6833,27
4960,6856,23
4976,6875,19
4992,6896,21
5008,6927,31
5024,6948,21
5040,6961,13
5056,6962,1
5072,6975,13
5088,6984,9
5104,7015,31
5120,7038,23
5136,7069,31
5152,7084,15
5168,7113,29
5184,7142,29
5200,7157,15
5216,7178,21
5232,7193,15
5248,7220,27
5264,7235,15
5280,7264,29
5296,7295,31
5312,7326,31
5328,7357,31
5344,7388,31
5360,7419,31
5376,7450,31
5392,7481,31
5408,7512,31
5424,7543,31
5440,7574,31
5456,7599,25
5472,7614,15
5488,7637,23
5504,7666,29
5520,7695,29
5536,7706,11
5552,7733,27
5568,7744,11
5584,7775,31
5600,7796,21
5616,7825,29
5632,7852,27
5648,7883,31
5664,7906,23
5680,7929,23
5696,7952,23
5712,7983,31
5728,8014,31
5744,8043,29
5760,8070,27
5776,8091,21
5792,8116,25
5808,8147,31
5824,8174,27
5840,8203,29
5856,8232,29
5872,8263,31
5888,8290,27
5904,8317,27
5920,8348,31
5936,8379,31
5952,8410,31
5968,8441,31
5984,8472,31
6000,8503,31
6016,8520,17
6032,8551,31
6048,8560,9
6064,8589,29
6080,8610,21
6096,8637,27
6112,8668,31
6128,8699,31
6144,8730,31
6160,8743,13
6176,8752,9
6192,8765,13
6208,8786,21
6224,8803,17
6240,8824,21
6256,8855,31
6272,8886,31
6288,8917,31
6304,8948,31
6320,8979,31
6336,9010,31
6352,9039,29
6368,9062,23
6384,9089,27
6400,9102,13
6416,9131,29
6432,9162,31
6448,9193,31
6464,9220,27
6480,9231,11
6496,9252,21
6512,9281,29
6528,9312,31
6544,9323,11
6560,9346,23
6576,9375,29
6592,9398,23
6608,9415,17
6624,9442,27
6640,9457,15
6656,9484,27
6672,9515,31
6688,9544,29
6704,9565,21
6720,9596,31
6736,9611,15
6752,9634,23
6768,9651,17
6784,9680,29
6800,9701,21
6816,9710,9
6832,9727,17
6848,9746,19
6864,9765,19
6880,9780,15
6896,9809,29
6912,9832,23
6928,9853,21
6944,9876,23
6960,9899,23
6976,9924,25
6992,9955,31
7008,9982,27
7024,9999,17
7040,10030,31
7056,10061,31
7072,10092,31
7088,10123,31
7104,10150,27
7120,10175,25
7136,10198,23
7152,10229,31
7168,10252,23
7184,10275,23
7200,10306,31
7216,10323,17
7232,10348,25
7248,10369,21
7264,10396,27
7280,10427,31
7296,10440,13
7312,10467,27
7328,10498,31
7344,10529,31
7360,10554,25
7376,10583,29
7392,10614,31
7408,10645,31
7424,10676,31
7440,10705,29
7456,10720,15
7472,10741,21
7488,10772,31
7504,10795,23
7520,10818,23
7536,10849,31
7552,10880,31
7568,10907,27
7584,10934,27
7600,10963,29
7616,10986,23
7632,11015,29
7648,11044,29
7664,11069,25
7680,11094,25
7696,11121,27
7712,11144,23
7728,11173,29
7744,11198,25
7760,11219,21
7776,11248,29
7792,11277,29
7808,11304,27
7824,11325,21
7840,11352,27
7856,11373,21
7872,11398,25
7888,11423,25
7904,11452,29
7920,11481,29
7936,11508,27
7952,11539,31
7968,11562,23
7984,11589,27
8000,11620,31
8016,11641,21
8032,11658,17
8048,11673,15
8064,11682,9
8080,11703,21
8096,11732,29
8112,11753,21
8128,11762,9
8144,11771,9
8160,11796,25
8176,11811,15
8192,11836,25
8208,11867,31
8224,11890,23
8240,11919,29
8256,11948,29
8272,11967,19
8288,11968,1
