batch_num,num_of_exec,difference
16,15,15
32,30,15
48,47,17
64,78,31
80,105,27
96,130,25
112,139,9
128,162,23
144,175,13
160,198,23
176,207,9
192,224,17
208,237,13
224,238,1
240,249,11
256,250,1
272,251,1
288,264,13
304,273,9
320,282,9
336,293,11
352,302,9
368,311,9
384,312,1
400,329,17
416,348,19
432,357,9
448,372,15
464,383,11
480,392,9
496,417,25
512,418,1
528,433,15
544,442,9
560,451,9
576,466,15
592,475,9
608,486,11
624,487,1
640,500,13
656,515,15
672,532,17
688,543,11
704,558,15
720,559,1
736,568,9
752,589,21
768,616,27
784,639,23
800,656,17
816,673,17
832,682,9
848,691,9
864,700,9
880,709,9
896,710,1
912,721,11
928,722,1
944,731,9
960,752,21
976,769,17
992,780,11
1008,781,1
1024,782,1
1040,797,15
1056,816,19
1072,845,29
1088,876,31
1104,905,29
1120,926,21
1136,941,15
1152,954,13
1168,955,1
1184,956,1
1200,957,1
1216,970,13
1232,987,17
1248,988,1
1264,989,1
1280,990,1
1296,999,9
1312,1020,21
1328,1035,15
1344,1054,19
1360,1063,9
1376,1080,17
1392,1099,19
1408,1112,13
1424,1129,17
1440,1148,19
1456,1165,17
1472,1184,19
1488,1207,23
1504,1228,21
1520,1255,27
1536,1284,29
1552,1315,31
1568,1346,31
1584,1377,31
1600,1408,31
1616,1439,31
1632,1470,31
1648,1501,31
1664,1530,29
1680,1561,31
1696,1590,29
1712,1621,31
1728,1644,23
1744,1667,23
1760,1696,29
1776,1721,25
1792,1750,29
1808,1779,29
1824,1810,31
1840,1839,29
1856,1868,29
1872,1895,27
1888,1918,23
1904,1939,21
1920,1960,21
1936,1983,23
1952,2012,29
1968,2039,27
1984,2062,23
2000,2081,19
2016,2108,27
2032,2135,27
2048,2162,27
2064,2187,25
2080,2216,29
2096,2243,27
2112,2264,21
2128,2291,27
2144,2316,25
2160,2343,27
2176,2372,29
2192,2399,27
2208,2424,25
2224,2445,21
2240,2466,21
2256,2489,23
2272,2514,25
2288,2535,21
2304,2556,21
2320,2577,21
2336,2592,15
2352,2619,27
2368,2642,23
2384,2663,21
2400,2678,15
2416,2707,29
2432,2726,19
2448,2755,29
2464,2782,27
2480,2809,27
2496,2834,25
2512,2855,21
2528,2876,21
2544,2903,27
2560,2922,19
2576,2945,23
2592,2974,29
2608,3001,27
2624,3014,13
2640,3015,1
2656,3034,19
2672,3063,29
2688,3082,19
2704,3095,13
2720,3106,11
2736,3131,25
2752,3142,11
2768,3163,21
2784,3186,23
2800,3187,1
2816,3202,15
2832,3211,9
2848,3220,9
2864,3235,15
2880,3236,1
2896,3245,9
2912,3260,15
2928,3275,15
2944,3290,15
2960,3301,11
2976,3322,21
2992,3339,17
3008,3354,15
3024,3363,9
3040,3372,9
3056,3373,1
3072,3374,1
3088,3389,15
3104,3402,13
3120,3415,13
3136,3416,1
3152,3429,13
3168,3430,1
3184,3439,9
3200,3458,19
3216,3477,19
3232,3496,19
3248,3521,25
3264,3548,27
3280,3573,25
3296,3594,21
3312,3623,29
3328,3638,15
3344,3639,1
3360,3650,11
3376,3659,9
3392,3668,9
3408,3677,9
3424,3690,13
3440,3705,15
3456,3722,17
3472,3743,21
3488,3752,9
3504,3761,9
3520,3762,1
3536,3763,1
3552,3786,23
3568,3807,21
3584,3828,21
3600,3843,15
3616,3866,23
3632,3881,15
3648,3900,19
3664,3921,21
3680,3942,21
3696,3963,21
3712,3988,25
3728,4003,15
3744,4026,23
3760,4041,15
3776,4072,31
3792,4101,29
3808,4112,11
3824,4131,19
3840,4132,1
3856,4157,25
3872,4178,21
3888,4193,15
3904,4202,9
3920,4227,25
3936,4250,23
3952,4267,17
3968,4268,1
3984,4291,23
4000,4300,9
4016,4301,1
